0.0000  0.000000
0.0200  0.003796
0.0400  0.007007
0.0600  0.008770
0.0800  0.008949
0.1000  0.007910
0.1200  0.006032
0.1400  0.003427
0.1600  0.000131
0.1800  -0.003413
0.2000  -0.006102
0.2200  -0.006534
0.2400  -0.003894
0.2600  0.001230
0.2800  0.006802
0.3000  0.010279
0.3200  0.010039
0.3400  0.006380
0.3600  0.001383
0.3800  -0.002338
0.4000  -0.003190
0.4200  -0.001468
0.4400  0.000959
0.4600  0.001821
0.4800  -0.000392
0.5000  -0.006046
0.5200  -0.014761
0.5400  -0.025994
0.5600  -0.039072
0.5800  -0.052583
0.6000  -0.063751
0.6200  -0.068736
0.6400  -0.064183
0.6600  -0.049322
0.6800  -0.027172
0.7000  -0.003686
0.7200  0.015027
0.7400  0.025906
0.7600  0.030471
0.7800  0.033537
0.8000  0.039735
0.8200  0.050031
0.8400  0.060561
0.8600  0.064708
0.8800  0.057159
0.9000  0.037388
0.9200  0.010311
0.9400  -0.016247
0.9600  -0.035580
0.9800  -0.045022
1.0000  -0.046102
1.0200  -0.042259
1.0400  -0.036098
1.0600  -0.028284
1.0800  -0.018704
1.1000  -0.008641
1.1200  -0.001851
1.1400  -0.003229
1.1600  -0.015716
1.1800  -0.037593
1.2000  -0.062270
1.2200  -0.081013
1.2400  -0.086947
1.2600  -0.077761
1.2800  -0.055498
1.3000  -0.023987
1.3200  0.013779
1.3400  0.056086
1.3600  0.100410
1.3800  0.140752
1.4000  0.167255
1.4200  0.169580
1.4400  0.142658
1.4600  0.091203
1.4800  0.029485
1.5000  -0.024410
1.5200  -0.057015
1.5400  -0.065729
1.5600  -0.059084
1.5800  -0.050810
1.6000  -0.051336
1.6200  -0.061854
1.6400  -0.074322
1.6600  -0.076886
1.6800  -0.060926
1.7000  -0.025290
1.7200  0.024346
1.7400  0.079628
1.7600  0.133682
1.7800  0.182420
1.8000  0.222831
1.8200  0.250611
1.8400  0.259943
1.8600  0.246213
1.8800  0.209683
1.9000  0.156877
1.9200  0.097823
1.9400  0.040461
1.9600  -0.013936
1.9800  -0.070715
2.0000  -0.136577
2.0200  -0.210281
2.0400  -0.283459
2.0600  -0.340191
2.0800  -0.365749
2.1000  -0.354762
2.1200  -0.314219
2.1400  -0.259344
2.1600  -0.205111
2.1800  -0.159018
2.2000  -0.119700
2.2200  -0.081794
2.2400  -0.043086
2.2600  -0.008460
2.2800  0.012460
2.3000  0.012444
2.3200  -0.006451
2.3400  -0.031335
2.3600  -0.043809
2.3800  -0.029139
2.4000  0.016240
2.4200  0.083227
2.4400  0.154905
2.4600  0.214271
2.4800  0.250140
2.5000  0.258579
2.5200  0.240721
2.5400  0.200079
2.5600  0.141965
2.5800  0.074961
2.6000  0.011874
2.6200  -0.032512
2.6400  -0.047119
2.6600  -0.030679
2.6800  0.006114
2.7000  0.044912
2.7200  0.068833
2.7400  0.071242
2.7600  0.058707
2.7800  0.046073
2.8000  0.046563
2.8200  0.063125
2.8400  0.086415
2.8600  0.100573
2.8800  0.092875
2.9000  0.061047
2.9200  0.013820
2.9400  -0.035084
2.9600  -0.075072
2.9800  -0.103481
3.0000  -0.124359
3.0200  -0.142870
3.0400  -0.159888
3.0600  -0.170760
3.0800  -0.168853
3.1000  -0.150887
3.1200  -0.119841
3.1400  -0.083231
3.1600  -0.048153
3.1800  -0.016955
3.2000  0.013131
3.2200  0.046133
3.2400  0.082275
3.2600  0.115711
3.2800  0.136993
3.3000  0.138613
3.3200  0.119545
3.3400  0.085405
3.3600  0.044110
3.3800  0.000427
3.4000  -0.046193
3.4200  -0.098463
3.4400  -0.154894
3.4600  -0.205198
3.4800  -0.231807
3.5000  -0.217850
3.5200  -0.157327
3.5400  -0.061073
3.5600  0.045736
3.5800  0.133770
3.6000  0.181949
3.6200  0.185289
3.6400  0.154341
3.6600  0.107530
3.6800  0.061574
3.7000  0.025520
3.7200  0.000734
3.7400  -0.015023
3.7600  -0.023518
3.7800  -0.025102
3.8000  -0.020777
3.8200  -0.014528
3.8400  -0.012945
3.8600  -0.021648
3.8800  -0.040983
3.9000  -0.064587
3.9200  -0.082582
3.9400  -0.087694
3.9600  -0.080104
3.9800  -0.067339
4.0000  -0.058861
4.0200  -0.058867
4.0400  -0.062364
4.0600  -0.057567
4.0800  -0.033332
4.1000  0.013261
4.1200  0.074331
4.1400  0.135489
4.1600  0.184146
4.1800  0.216240
4.2000  0.236874
4.2200  0.254603
4.2400  0.273506
4.2600  0.288721
4.2800  0.288653
4.3000  0.262442
4.3200  0.207589
4.3400  0.132566
4.3600  0.052664
4.3800  -0.018118
4.4000  -0.073854
4.4200  -0.117978
4.4400  -0.158838
4.4600  -0.202947
4.4800  -0.250525
4.5000  -0.295731
4.5200  -0.330467
4.5400  -0.348346
4.5600  -0.345973
4.5800  -0.321456
4.6000  -0.272678
4.6200  -0.198127
4.6400  -0.100726
4.6600  0.008049
4.6800  0.107828
4.7000  0.174983
4.7200  0.192408
4.7400  0.158166
4.7600  0.087577
4.7800  0.006837
4.8000  -0.058669
4.8200  -0.094848
4.8400  -0.102478
4.8600  -0.092520
4.8800  -0.076900
4.9000  -0.060986
4.9200  -0.042244
4.9400  -0.015066
4.9600  0.022458
4.9800  0.065013
5.0000  0.102285
5.0200  0.125143
5.0400  0.131184
5.0600  0.125707
5.0800  0.117599
5.1000  0.113313
5.1200  0.113298
5.1400  0.113214
5.1600  0.108623
5.1800  0.099293
5.2000  0.089729
5.2200  0.085567
5.2400  0.088735
5.2600  0.095273
5.2800  0.097701
5.3000  0.090252
5.3200  0.072990
5.3400  0.051502
5.3600  0.032202
5.3800  0.016749
5.4000  0.000069
5.4200  -0.025975
5.4400  -0.065422
5.4600  -0.112666
5.4800  -0.153042
5.5000  -0.170090
5.5200  -0.155380
5.5400  -0.114616
5.5600  -0.065782
5.5800  -0.030013
5.6000  -0.020513
5.6200  -0.036069
5.6400  -0.062738
5.6600  -0.082224
5.6800  -0.081573
5.7000  -0.058627
5.7200  -0.020952
5.7400  0.019718
5.7600  0.053167
5.7800  0.073130
5.8000  0.076278
5.8200  0.060351
5.8400  0.024276
5.8600  -0.029184
5.8800  -0.090581
5.9000  -0.144074
5.9200  -0.172332
5.9400  -0.164031
5.9600  -0.119528
5.9800  -0.050850
6.0000  0.024338
6.0200  0.091188
6.0400  0.143262
6.0600  0.181932
6.0800  0.210584
6.1000  0.228236
6.1200  0.227558
6.1400  0.199069
6.1600  0.138707
6.1800  0.053331
6.2000  -0.040148
6.2200  -0.122005
6.2400  -0.178931
6.2600  -0.209417
6.2800  -0.221963
6.3000  -0.227548
6.3200  -0.231524
6.3400  -0.230281
6.3600  -0.214565
6.3800  -0.176842
6.4000  -0.117506
6.4200  -0.045836
6.4400  0.024555
6.4600  0.082421
6.4800  0.123246
6.5000  0.148963
6.5200  0.164247
6.5400  0.172796
6.5600  0.176439
6.5800  0.177059
6.6000  0.178679
6.6200  0.186801
6.6400  0.204432
6.6600  0.227484
6.6800  0.243632
6.7000  0.236926
6.7200  0.196482
6.7400  0.124187
6.7600  0.036150
6.7800  -0.043844
6.8000  -0.095656
6.8200  -0.112416
6.8400  -0.102861
6.8600  -0.085242
6.8800  -0.076775
6.9000  -0.085109
6.9200  -0.106490
6.9400  -0.130715
6.9600  -0.148665
6.9800  -0.157086
7.0000  -0.157905
7.0200  -0.153616
7.0400  -0.143019
7.0600  -0.121033
7.0800  -0.082923
7.1000  -0.029741
7.1200  0.029302
7.1400  0.079664
7.1600  0.107893
7.1800  0.107513
7.2000  0.080683
7.2200  0.035072
7.2400  -0.021220
7.2600  -0.082774
7.2800  -0.145935
7.3000  -0.205314
7.3200  -0.251387
7.3400  -0.272223
7.3600  -0.259079
7.3800  -0.212228
7.4000  -0.142526
7.4200  -0.066770
7.4400  0.000811
7.4600  0.055576
7.4800  0.103243
7.5000  0.153665
7.5200  0.211578
7.5400  0.270574
7.5600  0.314593
7.5800  0.326354
7.6000  0.297593
7.6200  0.234733
7.6400  0.156530
7.6600  0.085297
7.6800  0.037071
7.7000  0.016255
7.7200  0.016907
7.7400  0.028528
7.7600  0.041890
7.7800  0.051459
7.8000  0.054196
7.8200  0.047398
7.8400  0.028501
7.8600  -0.002481
7.8800  -0.040111
7.9000  -0.073530
7.9200  -0.090775
7.9400  -0.085459
7.9600  -0.061510
7.9800  -0.032299
8.0000  -0.013992
8.0200  -0.016887
8.0400  -0.040124
8.0600  -0.073097
8.0800  -0.102479
8.1000  -0.120090
8.1200  -0.126350
8.1400  -0.127322
8.1600  -0.127883
8.1800  -0.126348
8.2000  -0.114754
8.2200  -0.084916
8.2400  -0.036024
8.2600  0.021781
8.2800  0.070887
8.3000  0.095025
8.3200  0.088042
8.3400  0.057181
8.3600  0.018983
8.3800  -0.009422
8.4000  -0.018192
8.4200  -0.007461
8.4400  0.015773
8.4600  0.043381
8.4800  0.070182
8.5000  0.094061
8.5200  0.113256
8.5400  0.124038
8.5600  0.121361
8.5800  0.102177
8.6000  0.068533
8.6200  0.027357
8.6400  -0.013693
8.6600  -0.051568
8.6800  -0.090147
8.7000  -0.136990
8.7200  -0.195975
8.7400  -0.260663
8.7600  -0.313468
8.7800  -0.332336
8.8000  -0.301695
8.8200  -0.221330
8.8400  -0.107743
8.8600  0.012953
8.8800  0.116451
8.9000  0.189414
8.9200  0.231599
8.9400  0.250906
8.9600  0.255625
8.9800  0.249324
9.0000  0.231200
9.0200  0.200493
9.0400  0.160675
9.0600  0.119727
9.0800  0.086076
9.1000  0.063291
9.1200  0.047715
9.1400  0.031062
9.1600  0.006352
9.1800  -0.026951
9.2000  -0.062164
9.2200  -0.089384
9.2400  -0.101276
9.2600  -0.096521
9.2800  -0.078772
9.3000  -0.052487
9.3200  -0.019398
9.3400  0.021237
9.3600  0.068632
9.3800  0.116088
9.4000  0.150482
9.4200  0.157379
9.4400  0.129314
9.4600  0.071896
9.4800  0.003115
9.5000  -0.054674
9.5200  -0.085829
9.5400  -0.089009
9.5600  -0.076720
9.5800  -0.067218
9.6000  -0.073866
9.6200  -0.098397
9.6400  -0.131711
9.6600  -0.160916
9.6800  -0.177519
9.7000  -0.181537
9.7200  -0.179557
9.7400  -0.178990
9.7600  -0.182950
9.7800  -0.189071
9.8000  -0.192222
9.8200  -0.188200
9.8400  -0.175198
9.8600  -0.152162
9.8800  -0.116145
9.9000  -0.061903
9.9200  0.014709
9.9400  0.111303
9.9600  0.215553
9.9800  0.307264
10.0000  0.365881
10.0200  0.378036
10.0400  0.347543
10.0600  0.288812
10.0800  0.220137
10.1000  0.155031
10.1200  0.098118
10.1400  0.047583
10.1600  0.001591
10.1800  -0.036556
10.2000  -0.058583
10.2200  -0.056785
10.2400  -0.030891
10.2600  0.008970
10.2800  0.045868
10.3000  0.064417
10.3200  0.058727
10.3400  0.034979
10.3600  0.007130
10.3800  -0.011371
10.4000  -0.014672
10.4200  -0.006401
10.4400  0.003974
10.4600  0.007191
10.4800  -0.001476
10.5000  -0.021765
10.5200  -0.050870
10.5400  -0.085876
10.5600  -0.123915
10.5800  -0.160287
10.6000  -0.187004
10.6200  -0.194235
10.6400  -0.174898
10.6600  -0.129732
10.6800  -0.069048
10.7000  -0.009058
10.7200  0.035731
10.7400  0.059654
10.7600  0.067998
10.7800  0.072577
10.8000  0.083444
10.8200  0.102013
10.8400  0.119968
10.8600  0.124600
10.8800  0.107043
10.9000  0.068129
10.9200  0.018291
10.9400  -0.028070
10.9600  -0.059893
10.9800  -0.073873
11.0000  -0.073763
11.0200  -0.065957
11.0400  -0.054980
11.0600  -0.042053
11.0800  -0.027155
11.1000  -0.012255
11.1200  -0.002565
11.1400  -0.004373
11.1600  -0.020810
11.1800  -0.048680
11.2000  -0.078876
11.2200  -0.100403
11.2400  -0.105459
11.2600  -0.092326
11.2800  -0.064516
11.3000  -0.027308
11.3200  0.015365
11.3400  0.061276
11.3600  0.107498
11.3800  0.147688
11.4000  0.172034
11.4200  0.171013
11.4400  0.141073
11.4600  0.088454
11.4800  0.028051
11.5000  -0.022783
11.5200  -0.052213
11.5400  -0.059070
11.5600  -0.052115
11.5800  -0.043993
11.6000  -0.043636
11.6200  -0.051622
11.6400  -0.060908
11.6600  -0.061880
11.6800  -0.048160
11.7000  -0.019637
11.7200  0.018571
11.7400  0.059675
11.7600  0.098438
11.7800  0.131998
11.8000  0.158458
11.8200  0.175152
11.8400  0.178570
11.8600  0.166260
11.8800  0.139194
11.9000  0.102383
11.9200  0.062770
11.9400  0.025528
11.9600  -0.008646
11.9800  -0.043143
12.0000  -0.081946
12.0200  -0.125327
12.0400  -0.167808
12.0600  -0.200032
12.0800  -0.213597
12.1000  -0.205762
12.1200  -0.180990
12.1400  -0.148345
12.1600  -0.116503
12.1800  -0.089686
12.2000  -0.067032
12.2200  -0.045477
12.2400  -0.023784
12.2600  -0.004636
12.2800  0.006778
12.3000  0.006720
12.3200  -0.003458
12.3400  -0.016670
12.3600  -0.023131
12.3800  -0.015269
12.4000  0.008445
12.4200  0.042945
12.4400  0.079311
12.4600  0.108850
12.4800  0.126070
12.5000  0.129290
12.5200  0.119398
12.5400  0.098439
12.5600  0.069279
12.5800  0.036281
12.6000  0.005699
12.6200  -0.015476
12.6400  -0.022240
12.6600  -0.014358
12.6800  0.002837
12.7000  0.020660
12.7200  0.031388
12.7400  0.032201
12.7600  0.026301
12.7800  0.020456
12.8000  0.020488
12.8200  0.027522
12.8400  0.037331
12.8600  0.043045
12.8800  0.039379
12.9000  0.025640
12.9200  0.005749
12.9400  -0.014455
12.9600  -0.030629
12.9800  -0.041806
13.0000  -0.049744
13.0200  -0.056577
13.0400  -0.062676
13.0600  -0.066255
13.0800  -0.064839
13.1000  -0.057337
13.1200  -0.045060
13.1400  -0.030962
13.1600  -0.017720
13.1800  -0.006172
13.2000  0.004727
13.2200  0.016424
13.2400  0.028961
13.2600  0.040267
13.2800  0.047126
13.3000  0.047128
13.3200  0.040167
13.3400  0.028354
13.3600  0.014468
13.3800  0.000138
13.4000  -0.014782
13.4200  -0.031114
13.4400  -0.048327
13.4600  -0.063201
13.4800  -0.070469
13.5000  -0.065355
13.5200  -0.046569
13.5400  -0.017833
13.5600  0.013172
13.5800  0.037991
13.6000  0.050946
13.6200  0.051140
13.6400  0.041981
13.6600  0.028818
13.6800  0.016256
13.7000  0.006635
13.7200  0.000188
13.7400  -0.003786
13.7600  -0.005833
13.7800  -0.006125
13.8000  -0.004986
13.8200  -0.003428
13.8400  -0.003003
13.8600  -0.004936
13.8800  -0.009180
13.9000  -0.014209
13.9200  -0.017838
13.9400  -0.018591
13.9600  -0.016662
13.9800  -0.013737
14.0000  -0.011772
14.0200  -0.011538
14.0400  -0.011974
14.0600  -0.010823
14.0800  -0.006133
14.1000  0.002387
14.1200  0.013082
14.1400  0.023304
14.1600  0.030937
14.1800  0.035463
14.2000  0.037900
14.2200  0.039718
14.2400  0.041573
14.2600  0.042731
14.2800  0.041566
14.3000  0.036742
14.3200  0.028232
14.3400  0.017499
14.3600  0.006741
14.3800  -0.002247
14.4000  -0.008862
14.4200  -0.013685
14.4400  -0.017790
14.4600  -0.021918
14.4800  -0.026055
14.5000  -0.029573
14.5200  -0.031725
14.5400  -0.032048
14.5600  -0.030446
14.5800  -0.027002
14.6000  -0.021814
14.6200  -0.015058
14.6400  -0.007252
14.6600  0.000547
14.6800  0.006901
14.7000  0.010499
14.7200  0.010775
14.7400  0.008225
14.7600  0.004204
14.7800  0.000301
14.8000  -0.002347
14.8200  -0.003415
14.8400  -0.003279
14.8600  -0.002591
14.8800  -0.001846
14.9000  -0.001220
14.9200  -0.000676
14.9400  -0.000181
14.9600  0.000180
14.9800  0.000260
15.0000  0.000000
